2348033007317
2348038232758
2348027787652
2348037787652
2348022902365
2348033027001
2348037788080
2348052766392
2348027787650
2348033043737
2348033067846
2348023246607
2348032376665
2348034073665
2348033030090
2348027784381
2348034035315
2348033209412
2348023156660
2348023123587
2348035925539
2348033440631
2348023099902
2348038357972
2348033041421
2348033065213
2348024410433
2348022922499
2348037207721
2348033014461
2348033484918
2348036179673
2348022903022
2348037156172
2348033062821
2348044170330
2348033935662
2348023934041
2348022230092
2348023024429
2348033921811
2348036170846
2348023089955
2348038487435
2348023180029
2348035833009
2348033275511
2348037129595
2348055170053
2348037130811
2348035060215
2348037136027
2348023425286
2348052123968
2348023370771
2348037192223
2348033185579
2348058855395
2348033889352
2348034737667
2348035060215
2348035676584
2348027787659
2348037063144
2348035867537
2348033372517
2348034037819
2348033314902
2348034010045
2348033279936
2348022905863
2348022905863
2348033322324
2348034037819
2348023180029
2348033127412
2348034025498
2348033094243
2348035805673
2348034056603
2348055170014
2348038458760
2348034840286
2348023176954
2348038150000
2348023338958
2348035663267
2348036013599
2348023136407
2348034999614
2348060861190
2348034714453
2348052384626
2348033807997
2348023278339
2348035973860
2348038828788
2348037401002
2348027401002
2348033095265
2348037123820
2348037436241
2348036754284
2348052010806
2348035074168
2348033248131
2348064388538
2348056090413
2348037226039
2348037552656
2348037552656
2348037552658
2348023253010
2348034414958
2348033103763
2348023134779
2348034428844
2348034041694
2348034368462
2348023063967
2348033871252
2348027728343
2348060632847
2348023587030
2348068192644
2348023185021
2348055170048
2348023147588
2348035528002
2348036770441
2348036783858
2348055030343
2348055310447
2348033535321
2348035674585
2348058545372
2348035040781
2348033301562
2348037602767
2348036690494
2348036015247
2348033844349
2348033188189
2348033889352
2348023185032
2348038264726
2348035051387
2348035789280
2348033322645
2348059580122
2348058965699
2347031392404
2348080994757
2348026512482
2348034414958
2348033377349
2348023569704
2348026508720
2348036690519
2348033224280
2348033067728
2348033114469
2348037189544
2348035526166
2348055600785
2348055217499
2348035526166
2348055600785
2348055217499
2348033285812
2348034458166
2348035026559
2348033357428
2348033478839
2348033921811
2348028326088
2348035842212
2348037019353
2348027502007
2348022222258
2348023045494
2347055591101
2348032483134
2348036715198
2348055483046
2348055304477
2348033742810
2348056033343
2348036310993
2348035070805
2348066036275
2348057441224
2348026006297
2348053282109
2348053473949
2348053271176
2348025526847
2348053473297
2348053462144
2348053643377
2348055474906
2348055845398
2348034356415
2348053282107
2348035617810
2348035487317
2348053164615
2348052727776
2348036135171
2348034235892
2348034762091
2348036514255
2348053285244
2348033669921
2348057248204
2348029312524
2348035469098
2347063620758