2348026960387
2348067317313
2348026054799
2348065552813
2348025824513
2348072696808
2347039131263
2347041163116
2348060544047
2348062445296
2348028486425
2348063574069
2348022123011
2347041803244
2348025600371
2347030190836
2348034809897
2348028617650
2348025257579
2348024423300
2348037164189
2348060069723
2348080552500
2348023025324
234016631428
2348033982479
2348055270632
2347032522372
2348081270688
2348037740722
2347036663424
2348032444503
2348032440459
2348028457587
2347034647449
2347033900887
2347028424929
