2348034650544
2348055677285
2348050567773
2348076244694
2348053047906
2348029104686
2348032075306
2348088766161
2348028112138
2348037274007
2347069637611
2348035239646
2348034309126
2348024217300
2348033733725
2348034028836
2348059330205
2347036078913
2348034542610
2348060200117
2348022475405
2348028127475
2348071586602
2348033048083
2348038087218
2348029273087
2348034292626
2348035708348
2348028771396
2348056703341
2348027534275
2348055815305
2348022669926
2348023937048
2348033734259
2348055333457
2348023113085
2348028424440
2347034081731
2348028336662
2348034232854
2348066226567
2348034154353
2348029416229
2348028763636
2348037251500
2348023931603
2347082737808
2348027923997
2347034652041
2348033939993
2348028761216
2348028596169
2347039865328
2348023202396
2348065848343
2348033754805
2348034188741
2348024573573
2348079789831
2348039208447
2348038234730
2348060016684
2348039710690
2348036908012
2348076808730
2348033544270
2348023867227
2348089887496
2348072924220
2348023994099
2348028146816
2348034382331
2348028294614
2348023679693
2348056252157
2348024742605
2348038628110
2348032401307
2347066261115
2347036134884
2348025497980
2348068953666
2347030640697
2347038818104
2348051445174
2348035851262
2348032283241
2348033549771
2348034800927
2348060339979
2348037180621
2348051182855
2348037525893
2348066916836
2348036758517
2348033443467
2348037196300
2348033962457
2348023501048
2348035306152
2348037166537
2348051721944
2348034091273
2348088888860
2348033276291
2348069380455
2348035812969
2348033659119
2348038564589
2348034545109
2348026224108
2348037565695
2348033820012
2348023009299
2348033532167
2348038390831
2348033272473
2348033623759
2348033625107
2348034480016
2348033605344
2348060988823
2348055258945
2348033454449
2348039617307
2348033506331
2348024295717
2348035364955
2348032702855
2348076626877
2347060493697
2348037162429
2348033152306
2348023966955
2348033222721
2348035364180
2348037125870
2348037175662
2348037147649
2348066893014
2348035024986
2348058730488
2348030791797
2348023937316
2348028488164
2348061355875
2348083861206
2348063093999
2348039293926
2347055952647
2348023643524
2348026226455
2348027288029
2348035119506
2348033670043
2348037705441
2348063097264
2348035683074
2348055100143
2348062133476
2348028324986
2348027984880
2348037256147
2348082188058