2347040713230
2347040903393
2347032267016
2347040753120
2347037247542
2348033978704
2347063437002
2347084910873
2347087157481
2347058729175
2348023392096
2348024347094
2348026847145
2348064146004
2348032447422
2348033222919
2348039265239
2347066163733
2348060129783
2348059335570
2348076613186
2347032516542
2347033009978
2347059403039
2347066555130
2347072804035
2348029498529
2347034428663
2347030176663
2348032606969
2348068273230
2347046934114
2347087682466
2347039020617
2347035814753
2347036615055
2348062682421
2347090432568
2348065614090
2347031612740
2348052300651
2348038208464
2347088245477
2348059009483
2348034333346
2347085291111
2348061691848
2348025667146
2348066549972
2348057734576
2348024646217
2348024046217
2348053695148
2348068423832
2347093231147
2348034151927
2347084886764
2348075441944
2348038547599
2348088661705
2347033759360
2347030907961
2348030416982
2347059828217
2348066345131
2348037007085
2348022338130
2347090015578
2348038971868
2348029542050
2348034780700
2348025148989
2348058306021
2347038952563
2348038420699
2348035138042
2348059242521
2348030777667
2347055417553
2348020550448
2348034148379
2347037352940
2348032559163
2347041640511
2348078117686
2348022422719
2348068882434
2347059502117
2348071615642
2348080781641
2348085021352
2348057779667
2347039734581
2348033336500
2347041448094
2347025703820
2348071704433
2347063089100
2348051324853
2348057781475
2347057822240
2348057428865
2348034546709
2348053152996
2348033349431
2347059830249
2348032774646
2348094499179
2347035143424
2348028944563
2347032319166
2348066588690
2348061141831
2347032829365
2348029547105
2348025752031
2348077842436
2347064821028
2348061163499
2347068017817
2347062849401
2348057700760
2348063490500
2348039272141
2347088390077
2347023019385
2347039479895
2347028547609
2347063600001
2347027617205
2348052282989
2347060651110
2348073679586
2348029053979
2348066982964
2348027241681
2348023040720
2348024725189
2347032300277
2348023232709
2348023626389
2348027611056
2348052042282
2348028455048
2348035725387
2348023097115
2348038142753
2348088030683
2348060403806
2347066963228
2348084844815
2347068022988
2348062881819
2348028545037
2348098449892
2347033886359
2348038648057
2348072601505
2348033355278
2348028662568
2347028313176
2348023392758
2348026303378
2347023271938
2348033214577
2348083684286
2347025334611
2347034502721
2348089666060
2348087836098
2348088639519
2347056695647
2348033338007
2348050382889
2348033079015
2348032005594
2348058918230
2348035655217
2348033512589
2347085200543
2348024316739
2348051401874
2348027052372
2348037019066
2348030123897
2348027802129
2348023434941
2348070576921
2348077780377 
2348033574345
2348023046591
2347032647040
2347025083806
2348057190061
2348034000034
2348022242626
2348039165946
2347055895542
2348067178856
2348035145868 
2348060282996
2348037233895
2348063625137
2348061519929
2348055866343
2348033351754
2348029497688
2348030765128
2347027645023
2348022546931
2348066542926
2348059188980
2348033358478
2348032035025
2348067521869
2347065508269
2348034981183
2348029179354
2347039267618
2348028294535
2348032523104
2348029895705
2347041067494
2348039129345
2348077399071
2347028282503
2348088778181
2348064846992
2348029302923
2347033655492
2348036856442
2348052283399
2348028974808
2348028398825
2348072160745
2348023053639
2348067125727
2348023187996
2347039143930
2348025925516
2348033433117
2348063445226
2348035300885
2347027374206
2348036661442
2348060517213
2348034353784
2348062611011
2348035194201
2348051432692
2348066661914
2348034715565
2348034017007
2347057595359
2348067001402
2347066373013
2348075686065
2347065218637
2348023311496
2348066167691
2348038286149
2348037776425
2348066135258
2348030436459
2348087236973
2348034520914
2348055078022
2348052000992
2348073062577
2348059950152
2348037261324
2348053409718
2348099519504
2348035637257
2347025336124
2348039575145
2348056545922
2348074726807
2348075515999
2347056287688
2348075515990
2348028977459
2348059584663
2348060816939
2348066026304
2347027794315
2347028566610
2348022908248
2348034918340
2348088280102
2348034782804
2348055573676
2348022335773
2348063455500
2348023910263
2347034803798
2348032057386
2348029278682
2348023599055
2348034345457
2348084286965
2347033006695 
2348028777238
2348080951621
2348027487037
2348038118335
2348056229685
2348024719123
2347025769421
2348045168819
2348028845598
2348039330280
2348082951621
2347069557700
2348053772364
2348038250606
2348030783677
2348077454141
2348052791929
2348075334120
2348056139910
2347032505270
2348033173191
2348082794228
2348034161526
2348053060595
2348073807715
2348033973124
2348051263303
2348024666968
2348059056210
2348074819996
2348081105823
2347062199200
2348083780373
2348052186226
2348033438286
2348033334431
2348077242756 
2347038891643 
2348027610005
2348073081315
2348083980373
2348035534935
2348055047375
2348037782145
2348022750898
2348023276099
2348023227568
2348023217046
2348078432558
2348035018082
2348052195121
2348055668774
2348053155310
2348053276209 
2348035244762
2348035761500
2348075054265 
2347031420329
2348072903630
2347038650983
2348054130164
2348034993759
2348020707608
2348023005554
2348052321012
2348026994334
2348033935680
2348066659535
2348077066350 
2347036566371
2347038574671
2348055715308 
2347030569442
2348034440992
2348063585226
2348077841825
2348059043252
2348062859925
2348020376997
2348088793345
2348035908653
2348038341309
2347030997940
2348084285382
2348032697574
2348068754433
2348052441372 
2348076978013
2347031806168
2348062269433
2348033514195
2348066938190
2348056304384
2347028814643
2348064620699
2347029298610
2348032906345
2348055145231
2348023310752
2348053167690
2348035788277
2348033855432
2348085815569
2348033472463
2348039548384
2348033793985
2348087622058
2348062703367
2348068239956
2348050671614
2347038162218
2348055461897
2347086478555
2348054768292
2348063966856
2348035022267
2347085297312
2348056308429
2347034388213
2348039407131
2348056177791
2348023145174
2348067972470
2348052397907
2348035206012
2348035813994
2347039731069
2348059303615
2348082689673
2347035713510
2348057004165 
2347033895702
2348023081589
2347031808874
2347033475071
2348023591056
2348020876334
2348061614055
2348024428594
2347024644323 
2348068472023
2348035592876
2348026128462
2348084256469
2348068196288
2347036519242
2347041400799
2348065194199
2348033058269
2348067810827
2348033532463
2348025061446 
2347038854150
2347030910648
2348023909226
2348027241680
2348054235827
2347033988442
2347025686779
2348033828625
2348033825625
2347082032059
2348027567491
2348056631403
2348084218926
2348082454331
2348062358481
2348024316719
2347025220266 
2348033956957
2348081195933
2348054419204
2347039358490
2348035146912
2348051264268
2348075107533
2348060614885
2348028371898
2348068773360
2347035015592
2348038455983
2348023236754
2348064384940
2348033842423
2348033538623
2347764992139
2348028188500
2348034543380
2348022295378
2348036022899
2348059133230
2348067510606
2347025470305
2348039401477
2348032506190
2348055034891
2347032640408
2348069437879
2348033342199
2348037030365
2348026404279
2348038047415
2348034312156
2348054474484
2348023415787
2348052148241
2347035195989
2348038167492
2347055214492
2348053453785
2348084728421
2348063005864
2348037743179
2348096601748 
2348038534383 
2348056553785
2348037662254
2348059946157
2348029192227
2348034177907
2348037236978
2348023382795
2348025435110
2348054140700
2347031806147
2348025391094
2348033890762
2348034389138
2347039510605 
2347090300897
2348053043990 
2348082961100
2347055262595 
2347031017445
2348029704685
2348028910323
2348078821495
2348083331209
2348027277362
2348033764908
2348034937418
2348033062366
2348055082700
2348023125276
2348033661686
2348054967642
2348078506257
2348023790311
2348054355100
2348054765181
2347032296710
2348034497724
2348023064489
2348033862928
2348036201826
2348083222577
2348064887854
2348056056682 
2348088561384
2348064780756 
2348027379976
2348028895709
2348032560678
2348037200344
2348023083497
2348034461387
2348033581267
2348060003611
2348057364493
2348033796206
2348039106738
2348052085396
2348033854377
2348033723815
2348023652667
2348056694012
2348055793804
2348036173704
2347025445719
2348038555644
2348057738546
2348022615992 
2347038836314
2348052175585
2348034682686
2348033446774
2348065128393
2348028308092
2348033961550
2348037769092
2348067714502
2348060230978
2348056913735
2348027442359
2348022130311
2348033777125
2348036045516
2348032437474
2348062153433
2348055573514
2348052734947
2348089718836
2347033594848
2348067130949
2348029047275
2348027285764
2348037557866
2348053400970
2348033972583
2347030672133
2347035952222
2348054043828
2348033578979
2348023763951
2348023033681
2348023279192
2348062403654
2348080212472
2348056069738
2348037781134
2348023830060
2348027205386
2348035613129
2348023325408
2348056727877
2347030879358
2348023776365
2348023172193
2348033033105
2348033256221
2348028920243
2348066954256
2348028294244 
2348066661894
2348081020487
2348073088266 
2348023551608
2348024228214
2348024939772
2348030478050
2348026404511
2348032741961
2348059097163
2347031330083
2347081574555
2348068529390
2347031987484
2348035133512
2348036145756
2348068263987
2348037257435
2348039181579
2348057477749
2347038155969
2348038276676
2348037048215
2348056334919 
2347086839212
2347082030030
2348032008205
2348077311173
2347038712616
2348036067880
2348082537633
2348053774250 
2348023774250
2348076234250
2347069340305
2348054627029
2348033003543
2348072822399
2348030755422
2348056593035
2348067307314
2348035652212
2348084684862
2347031809021
2347033470876 
2348073650983
2348035240014
2348037742193
2348066825613
2348052655305
7031234809021
2347084915135
2348080793222
2348037601368
2348065233085
2348077365735
2348085781635
2348064209031
2348036541967
2348023947567
2348023178798
2348050273781
2348030445766
2348035668793
2348033591532
2348066127194
2348055979879
2348032824005
2348053950163
2348060559919
2348037997835
2347033264526
2348060745616
2348062400349
2348027333770
2348023270827
2348037156704
2348066882826
2348082754420
2348033649861
2348022991759  
2348086151000
2348089801701
2348023122000 
2347038392571
2348036432358
2348027412649
2348020821345
2348035353104
2348077276029
2348082096434
2347065351632
2348030687341
2348089055471
2348027724760 
2348060101143
2348026987701
2348024337384
2348025856421
2348036706675
2348023904244
2348073142527
2348084684512
2348065176281
2348035271304
2348029010819
2348057739285
2348072311674
2347033970290
2348035620038
2347031260431
2348061341066
2348062380252
2348037699358
2348023349668
2348023235633
2348083801452
2348023975732
2348055824426
2348033329453
2348082183366
2348075145276
2348078164282
2348061687805
2348023293361
2348037766225
2348055109347
2348054430230
2348055831161
2348034379581
2348036730302
2348034050140 
2348088269952
2347055011012
2347034492888
2348028489533
2348029423013
2348033814350
2348068504087
2348023981514
2347028834715
2348020553923
2347035556436
2347035046110
2348062104672
2348058855108
2348089127890
2348036598278
2348034342450
2348027172055
2347040723507
2348023003645
2348053504826
2348023112810
2348058423584
2347037087731
2347028755055
2348027443963
2348030499063
2348036797821
2348023154552
2348023020581
2348042103896
2348033266688
2348033332249
2348033042188
2348023241191
2348033215159
2348033372708
2348033349238
2348060672724
2348085529167
2348037850349
2348055415986
2348075065718
2348029065691
2348082527397
2348078444338
2348056664491
2348061129556
2348023692990
2348020503694
2348023251102
2348035460197
2348036473146
2347035174375 
2348076869569
2348066063094
2347039531418
2348034011936
2348035818154
2348070311411
2348076916153
2348062296555
2348023358117
2348083853101
2348059364856
2348028518121
2348023501979
2348066704749
2348024276459
2348052756584
2347030808083
2348058813699
2348059384122
2348033835678
2347039540407
2348037556963
2348067969799
2348060671257
2348060523919
2348027303806
2348029151127
2347032323209
2348085818808
2348073216419
2348032102994
2347040258545
2348073835365
2348037043876
2348068048561
2347039615801
2348066168436
2348066731043
2348027508563
2348023766105
2348065162662
2348076505923
2348025372458 
2347033318344
2347090488585
2347034393861
2348056545506
2348081289260
2348022902969
2348075297113
2348034190908 
2348025670766
2347094261546
2348038223331
2348037543287
2348035696593
2348030838007
2348066702230
2348073061312
2348038764735
2348033937265
2348050669269
2348076255055
2348032631734
2348032008694
2348037874260
2348035657212 
2348052229877
2348066581340
2348032274710
2348075115472
2348074177785
2347041826225
2348028634664
2348069512512
2348022250145
2348034146382 
2348026667255
2348027353513
2348062602349
2348079484493
2348024404326
2348058357299
2348029409575
2348025751624
2348034937934
2348067747120
2348074055631 
2348083062212
2348025184584
2348077463066
2348055670088
2348089617616 
2347033601499
2348030442412
2347023306553 
2348081483025
2348029012238
2348028199590
2348060531163
2348023101688
2347087829912
2348029914130
2348026666550
2348023124403
2348076922609
2348038317043
2348073904409 
2347029919156
2348078904409 
2348066095242
2348033468496
2348035635074
2348084250095
2347030436488
2348035292606
2348033615936
2348085771021
2348035849244
2347092114313 
2348029128578
2347032323629
2348023823327
2348075441899
2347032628605
2348060788653
2347032521963
2348029556608
2348088805123
2348023824406
2347032326365
2348026598660
2348033854756
2348085839775
2348060023433
2348066885136
2348083070263
2347032400478
2348025959430
2348034046811
2347035062640
2348032409660 
2348028127987
2348037221198
2348075147101
2348062883974
2348035607072
2348066536036
2348035909521
2347032058448
2348038061315
2348030660968
2348078060734
2348030968086 
2348030747529
2348022595589
2348033114429
2348089172239
2348033813679
2348055448585
2348033667115
2348036009264
2348023421825 
2347028279962
2348024002461
2348033485560
2347031808874 
2348033164858
2348034549326
2348035646914
2348023061047
2348035719806
2348053034166
2348035726002
2348023423707
2348033828174
2348057221070
2348023445036
2347027701742
2348056053311
2348059778252
2347025879283
2348032230084
2348028520243
2347030938201
2348037392477
2347086733866
2348054247318
2348075018660
2347027329345 
2348020700259
2348023217314
2348035131677
2348033677310
2348068528920
2348073654464
2348023217182
2348030468119
2348067176511
2347033898899
2348033783820
2348034512988
2348042105560
2348034256106
2348059958842
2348066959950
2348037033333
2348036964409
2348063390392
2348089455976
2348033077756
2348057040643
2348034457158
2348060310690
2348023675685
7022348071484
2348082047698
2348074635530
2348057247051
2348073429631
2348028507724 
2348064944647
2348025948299
2347031186072
2348084256475
2348062386635
2348066234808
2348084420574
2348028392456
2348052446074
2348034281412
2348055829066
2348026264860
2348035673262
2348075607558
2348036803104
2348033677511
2348037554222
2348059800273
2348023820239
2348056229994
2348057486849
2348023569744
2348035506820
2347035231724
2348024011375
2348028424867
2348032473933
2348023355324
2347031915538
2348023459546
2348023363250
2347030524179
2347055734529
2348063133231
2348023454125
2348057462228
2348068294180
2348038436371
2348069694721
2348078037765
2348078776179
2347038258662
2348056401241
2348063482174
2348035222968
2348030617636
2348022276703
2348079744623
2347060875516
2348056436150
2348061514609
2348084085251 
2348060976722
2348051285624
2348057892688
2348057056206
2348027737784 
2347035049391
2348025033358
2348055255589 
2348061357321
2348023367652
2348039541207
2348037035123
2348029442908 
2347027780320
2348020682093 
2348062224386
2348028455022
2348056049209
2347089391379
2348074372339
2348023773035
2347039666177
2348023118194
2348067668727
2348035698197
2348069535776
2348023535905
2348035294846 
2348039423225
2348033869203
2348073136407
2348083472274
2348035966799
2348088671452
2348063133859
2348023693937
2348051185436
2348038161072
2348038743529
2348052038712
2348033749414
2347033938841
2347039551771
2348029766385
2348033082965
2347034502721 
2348050219345
2348039758886
2348036663883
2348027089375
2348023649289
2348035051085
2348068273223
2348025022176
2348076943175
2347055295442
2348053500322
2348079528051
2348038646217
2348023263297
2347032901939
2348023765512
2348033368822
2348033406407
2348023994468
2348053680576
2348073219688
2348065524520
2348064181266 
2348051157601
2348066528692
2348060344321
2347037871698
2348055347869
2347092051061
2348033053320
2348023916797 
2348068863591
2348035261447
2347040924671
2347030480715
2348053677510
2348037753442
2347031051269
2348054448724
2347028193718 
2348066512580
2348028835938
2348038604986
2348034026581
2348072846338
2348083872919
2348076426283
2347033595095
2348023159118
2348034799819
2348052034921
2348060943390
2348033090897
2348028076070
2347029637265
2348027574923
2348073050369
2348063236010
2348023071947
2348056304988
2348026093775
2347061550548
2348023922575
2348066300453
2348061354526
2347023623908
2348025018607
2348022727134
2348074697920
2348065456612 
2348089119300
2348025892393
2348078449526
2348060195312
2348064648283
2348037533682
2348029206570
2348028258330
2348069493571
2348036846032
2348023386672
2347030783375
2348058623239
2348076459506
2348059363703
2348038086681
2348029913895
2348032001458
2348056618221
2348077503455
2348056044778
2348051413261 
2347025045730
2348022853239
2348023026626
2348039435669
2348026174565
2348056666727
2348056666737
2348087781796
2348033248362
2348054209736
2348055607982
2348060643849
2347032036363
2348051864725
2347060531262
2348022314283
2348052423800
2348033129527
2348038536225
2348030767735
2348033346730
2348032471785 
2348076473825
2348062920615
2348023050442
2348069444659
2348025525202
2348034519576
2348029625516
2348056162458
2348037916539
2348064468705
2347031037838
2348035046189
2348077703058
2347025001186
2347031847445
2348065334863
2348060815748 
2348057341191
2348033094838
2347034013618
2348077328188
2348033087578
2348023292553
2348032093182
2347031086168
2347041189540
2348028273255
2347072819118
2348039440329
2348034396910
2348056538915
2348078189823
2348035739373
2348032446785
2348062374291 
2348055918994
2348053329017 
2348039644510
2347062815701
2348025746923
2348024033166
2348066389199 
2348028105138
2348056257912
2348033709101
2348078302124
2348032178835
2347030651003
2348059022252
2347032702080 
2348025375656
2348027161125
2347039552399
2348032846365
2348052244022
2347031619241
7034523480119
2348034946456
2348076628870
2348053781592
2348081242796
2348070332301
2348079308564
2348022530239
2348062385352 
2348078506273
2348077353695 
2347033966500
2347034492644 
2348054843269
2348082188058 
2348066232165
2348077137166
2348073630092
2348051782847
2348056023441
2347033822877
2348062903254
2347026351741
2348050467794
2348032847491
2348080923210
2348052995568
2348055723473
2348038391694
2348037559915
2348073328188
2348073328155
2348083135796
2348037083191
2348029205339
2348023030095
2348038330234
2348056129039
2348033703957
2348072713540
2348073088260 
2348027919861
2348050582153
2348034458614
2348028262056
2348023372393
2348034492617
2348033834724
2348053372697
2348063175953
2348066802312
2348037163172
2348028476560 
2348052603784
2348068866570
2348054660973
2348058703360
2348080660897
2348026606269
2348056250386
2348035768958
2348065924911
2348033833852
2348086922082
2348035485336
2348082443133
2348029728272
2348085664600
2348036925102
2348037844465
2347025507967
2347035377505
2348039129618
2348062896363
2347034497340 
2348028098023
2347085858884
2348085989340
2348033407076
2348030435402
2348034398612
2347033061268
2348037861024
2348038392399
2348053690276
2348025568869 
2347028840242
2348086733866
2348033301219
2348065658535
2348028719782
2348037176623
2347027646531
2348027548878
2348043148898
2348051983607
2348028458743
2348023697066
2348033255455
2348050967096
2348027736408
2348035882860
2348037257515
2348035230582
2348032363255
2348034073722
2348058536815
2348035744537
2348050317879
2348023352906
2348083081500
2348072224000
2348023126202
2348027157918
2348023219213
2348025843947
2348027187769
2348054415098
2348065431983
2348055105754
2347025340029
2348070755730
2348023441223
2348057136825
2348057007964
2348096617408
2348057862027 
2348022094764
2348055055248
2348072777783
2348073821318
2348023802283
2348033007284
2347025716606
2348027721163
2348033047170
2347041980766
2348033638938
2348066792355
2348023728020
2348054300231
2348034940074
2348023531815
2348084681640
2348067550281
2348081521799
2347081803656 
2347057418372
2348022118944
2348023957010
2348072589785
2348065523786
2348056134924
2348058721590
2348035067765
2348028748815
2348065977575
2348028128183
2348055200327
2348037409309
2347039568616
2348027562595
2348055104820
2348033015019
2348028616957
2347031038366
2348074735433
2348067534925
2348033977889
2348026582664
2348037021537
2348035833153
2348073088562
2348056230614
2348057343331
2348027523715
2348037625321
2348039589841
2348064419028
2347034170167
2348029750608
2348023210040
2348050850961
2348069000888
2348036772846
2348070872047
2347040929146
2347058038839
2348066318485
2348035081292
2348081616471
2348023953704
2348033030838 
2348033210833
2348025012952 
2348037782889
2348034020429
2348080980259
2348023510807
2348025449877
2348088351773
2348042664431
2347035990349
2348028252496
2348039244017
2348035833524
2348054849593
2348023654794
2348085262542
2348027971044
2348053373421
2348062269365
2348030737940
2348072282804
2348036337299
2348023906090
2348055865463
2348027286976
2348037579928
2348056232492
2348084072036
2347025755561
2348023762970
2348062265077
2348085752530
2348054138131
2347035819309
2348028293043
2348038841753
2348060707638
2348038247772
2348057057062
2348038214890
2348028400187
2348059772737
2347030113684
2348084834463
2348075501239
2347035188330
2348055252172
2348052777143
2348073361300
2347055842822
2348081857077
2348080900271
2348083789873
2348033443736
2348023184976
2348033251144
2348023393634
2348037053181
2348064214918
2348052437049
2348025899412
2348039535953
234706735029
2348028366833
2347034592613
2348037717896
2348023646598
2348075314566
2348033954776
2347065473658
2347035127845
2348033341433
2348027114167
2348033365740
2348080359368
2348053679972
2348055271186
2348038870746
2348037759724
2348058332222
2347038499226
2348064734312
2348062158853
2347036301844
2348033894864
2348028025706
2348034951521
2348059956844
2348033322691
2348023126559
2347038650087
2348033048832
2348035404568
2348065219532
2348051130615
2348037322478
2348057451622
2347033460794
2348055056867
2348053592002
2348063608027
2347033237451
2348058821037
2348027251973
2348023384207
2348066775344
2348035206476
2348028864140
2348052748451
2348033127294
2348073668062
2348020944625
2348020399922
2348038251086
2348080298771
2347081375867
2348083954402
2348035847956
2348060188148
2348052635182
2348037183863
2348056821043
2348083954482
2348029704492
2348035246238
2348064837689
2348026545793
2348064382800
2348074185419
2348057004165
2348026155817
2348034860421
2348034923620
2348027430707
2348058053275 
2347027397515
2348060998335
2348073147101
2348061398962
2348033282451
2348023262238
2348023509035
2348023662893
2348072071017
2348057321104
2347033816146
2348035951263 
2348050584658
2348052776562
2348026814075
2348056064392
2348033673118
2348076985845
2348035170190
2348070572235
2348035832303
2348080502856 
2348037900528
2348088923257
2347032498599
2348065678498
2348024922206
2347035556476 
2348072052971
2348074632295
2348032261415
2348029119188
2348034066941
2348022236524 
2348034985321
2348068969145
2348023879151
2348052084115
2348025461455
2348077675890
2348072031144
2348033267530
2348023459564
2348023253378
2348077442224
2348055790338
2348062833557
2347063360191
2347041798910
2348088984009
2348080502856
2348082165410
2348086681405
2348050285127
2348053646870
2348032435155
2348086901487 
2347023721047
2347023121047
2348058472023 
2347039014522
2348023296676
2348022880044 
2347039566760
2348035066855
2348039161612
2348036942351
2348025051293
2348053605961
2348033367973
2347031010027
2348033152464
2348033966110
2348023721918
2348034044789
2348027723222
2348063195202
2348033250682 
2348082663511
2348075667558
2348075559302
2348050773562 
2348025613797
2347034487072
2348063188794
2348055112613
2348033349973
2348080691131
2348033905761
2348060634602
2347036404251
2348062847777
2347028443102
2348052645548
2348020520909
2348062969597
2348078920243
2347025616093
2348085761483
2347035049519
2348074123318 
2347033377919
2348033531146
2348081528840
2348061505947
2348062467386
2348025818394
2348020700395
2348037134843
2347025601425
2347032291900
2348038407393
2348029246854
2348023214633
2348033404281
2348067213746
2348060249368
2347086907233
2348088806067
2348038429522
2348029206560
2348033426755
2348028558880
2348033159948
2348054151055
2347030499248
2348032298028
2348033776719
2348075841107
2348030750111
2348039243478
2348029547160
2348024324519
2348035292137
2348086379865
2347025507862 
2348025428365
2348033491202
2348078423005
2348037198910
2348035934044 
2348088584992 
2348055489817
2348073081702
2348034057905
2348039151371
2348059641601
2348023505942
2348034534871 
2348022832295
2348035550047
2348027854603
2348054114592
2348023439812
2348033671795
2347028109047
2347041191499
2348053043718
2348027807546 
2347032311606
2348056811416
2348033917131
2348060175081
2348051796655
2348023378113
2348038376218 
2347083868305
234808242272
2347029881603 
2347096020867
2348054609083
2348065135084
2347027610530 
2348053549630
2347086027326
2348033354147
2348058296028
2348023986721
2348038328430
2348065001718
2348063029243
2348028293035
2348023467319
2348035336682
2348085806518 
2348056557317
2347027745600
2348034556193
2348077842897
2347055282334
2348034396579
2348065009259
2348023642077 
2347027786517
2348055359869
2348034021842
2348029163207
2348055891394
2347031272728
2348020673066
2347030393266
2348057321127
2348024426651
2348022226756
2347041749586 
2347086752957
2348038469206
2348051690643
2348034178580
2348028317600
2348080504116
2348038824051
2348055967804
2348064441414
2348034871391
2348078686379
2348024697477
2347056623996
2347069003614
2348052457239
2347064524413
2348056001516
2348034678840
2347033066452
2348038277490
2348076952845
2348025121471
2348056121910
2348073388082
2348055711593
2348030774141 
2348076063158
2348039176446
2348020663633
2348022231594
2348078765110
2348023915219
2348066129297
2348065139853
2348033144405 
2348087803991
2348024427250
2348060498482
2348085959059
2348051568282
2348034084805
2348033743666 
2348022630363
2348078172818
2348033085334
2348033472462
2348032351798
2348034287737
2347090047036
2348062255377
2348026655674
2348023024448
2348029293297
2347089989672
2348033522011
2347037002067
2348058842531
2348033008600
2348082120804
2348075796322
2348023139205
2348060445564
2347023007915
2348038245152
2348068674581
2347039309675
2348027506231
2348062940809
2348032108515
2348080492243
2348035672060
2348035690036
2348061200584
2348056796042
2347039441934
2348061626545
2347034641967
2348023818917
2348033071572
2348032456300
2348083753758
2348037118785
2348023283859
2348082510266
2348054350868
2348051044717
2348055142588
2348060356047
2348033955983
2348065222089
2348082459543
2348023323607 
2347034587128
2348034937297
2348055028631
2348068762027
2348066079190
2348033886421
2348023544371
2348036268733
2348033291464 
2348058412072
2348029540142
2347030335921
2348051473614
2348078166150
2348029243268
2348028517819
2347082233314
2348023836127
2348035334520
2348023822700
2348020896334
2348039381307
2348088404199 
2347032189444
2347038665712
2348067087219
2348028803099
2347038533785
2348067225253
2348023019254
2348038213436
2348035046183
2348030604771
2348033077023
2348055419262
2348033905961
2348035849346
2348083715001
2348033541254
2348073467319
2348038382290
2348055848441
2348023361841
2348034640495
2348060035830
2348084250015
2348064135076
2348033259153
2348033137388
2348027123385
2348057386838
2348057792479
2348023176565
2348023008002 
2348038244947 
2348028890133
2348061500563
2347082932758
2347025335240
2348028153934
2348034749949
2348027544343
2348087836098 
2348069810281
2348029315223
2348039779097
2348070680393
2348035672178
2348067326095
2347033183790
2348033283774
2347033519801
2348033591836 
2348020691703
2348026656967 
2347025823076
2347025828076
2348034390927
2348067535165
2348055358323
2348043185286
2348023043467 
2348023380144
2348057001192
2348022180811
2348022615992
2348029413427
2348037729058
2348035469773
2348056637999
2348034477890
2348023093095
2348033579739
2348023035394
2348058241172
2348028440119
2348033941298
2348023656545
2348035708886
2348056280220
2348036454587
2348022904151
2348033070905
2348037234999
2348033229249
2348023018085
2347059963589
2348055250653
2348063969168
2348037164098
2348056050599
2348023051009
2348023085281
2348028585759
2348023302728
2348023365568
2348034416178
2348027558726
2347025358213
2348024779500
2348038401968
2348034038546
2348036997331
2348023032448
2348034203228
2348032402608
2348088039365
2348033411114
2348053165256
2348056343594
2348066232121
2348033746980
2348036859058
2348038086980
2347031816518
2348036444425
2348024411445
2348088072767
2348054795029 
2348030668180
2348069484951
2348029596183 
2347033768635
2348088034869
2347038185969
2348056677715
2348023712253
2348066528079
2348066774918
2348035310389
2348023364444
2348066639297
2348027818053
2348037045263
2348055445931
2348033854948
2347087074032
2348078633499
2347025295053
2347075621068
2347033947933
2348079801297
2347038815638
2348054550956
2347033852895
2348033033765
2348031879542 
2348069309411
2347026442652
2348033433060
2348035916585
2348023862422
2348055933164
2348076106335
2348023001507
2348062402507
2347033601400
2348038976404
2348077553106
2348023125436
2348027195612
2348033451041
2348036788544
2348034461728
2348028511459
2347028845972
2348028489487
2348037198825
2348029504974
2347032149558
2347027247446
2348053939641
2348022470819
2348029638038
2348039409490
2348056002891
2348032804478
2348080949395
2348060604221
2348028610410
2348023343732
2348055446981
2348055320122
2348038247517
2348023997104
2348032452279
2347031790120
2348039600312
2348036338346
2348027254351
2348032820597
2348034024456
2348027198952 
2348035298914
2348023695768
2347032273679
2348075484408
2348023211553
2348061635472
2347032703327
2347057579433
2348028381182
2348033730659
2348032460379 
2347069694722
2348067597071
2348033872209
2348037195482
2348023236999
2348029019001
2347028242900
2348033385116
2348024555545
2348037180635
2348028863137
2347033438542
2347032319166 
2347034522467
2348060667182
2348035443855
2348055161541
2348035237579
2348033836554
2348060333614
2348034044054
2348080709267
2348055227656
2348033342578
2348026197803
2347038756504
2348099262076
2348077017161
2348032424538  
2348025624943
2348061200992
2348035628077
2348062826480
2348054216253
2348028359022
2348065172832
2348028188582
2348023029693
2348078141594
2347035377596
2348023144523
2348026404511 
2347025361328
2348039494931
2348038186232
2348026203066
2348077390021 
2348028872942 
2348064034985
2348085328351
2348059958409
2347031863147
2348062880852
2348034462770
2348023774032
2348033462022
2348027426375
2348023107335
2348055239345
2348028144157
2348034835393
2348023331945
2348053559836
2348076146188
2348037152743
2348033201177
2348028454544
2347055936450
2348022665301
2348056169508
2348024304628
2348062521574
2348036306800 
2348077177986
2348064318107
2348075753711
2348033169444
2348030754696
2348063352425
2348023062046
2348020544249
2348032407597
2348035747183
2348029252265
2348052575808
2348033782605
2348028354611
2348054984276
2348086659428
2347038649887
2348057636239
2347025373236
2348035883220
2347038881419
2348037217291
2348080820852
2348034481120
2348075554591
2347038157402
2348033501823
2348034544284
2348076672055
2348077815060
2348036248329 
2348062141723
2348055213850
2348056073686
2348023062986
2348035409224
2348083909494
2348024270952
2347033691291
2348029704608
2348025943058
2348023625881
2348023219007
2347039322596
2348028634112
2348037132686
2348034209769
2348023891737
2348037757668
2348022941484
2348061623723
2348053202003
2348032381959
2348070680390
2348023698662
2348055169512
2348055342679
2348032500061
2348066444937
2348023240527
2347040871927
2348058546790
2348036542264
2348025927540
2348024224268
2347041154733
2348038420018
2347038643084
2348054779144
2348023294193
2348082080600
2348053051260
2348058228710
2348076400350
2348024224725
2347092003162
2348033306099
2348077161168
2348053563459
2347034827296
2348055837061
2347035507557
2348082518583
2348034285165
2348089627869
2348063930386
2348064027301
2347095132811
2348024782423
2348025003699
2347033850865
2347035923948
2348063904273
2348061200226
7084234801573
2348032330422
2348036122147
2348089660436
2348028387495
2348028497161
2348066998847
2348075311216
2347037942514
2348064624396 
2348022120261
2348033411674
2348037218869
2348083783401
2348082479178
2348033210482
2348027701396  
2348045098644
2348055274944
2348038092921
2348035710062
2348029002900
2348051263696
2348022229053
2348089880875
2348033345695
2348075520169
2347031165223
2348036666840
2348033030112
2348076744666  
2348088249797
2348066208366
2348025157918
2348033359021
2348072799133
2348032141298
2348054251582
2348035364315
2348065587583 
2347025371903
2348034163977
2348065587583
2348028529678
2348035782486
2348023231273
2348033092528
2348061200468
2347025712625
2348035068862
2347034846530
2347034990435
2348052524444
2348032458860
2348034247712
2348023112726
2348088030493
2348023252363
2348026942829
2348037211255
2348033353767
2348077987909
2348023252831
2348024728240
2348037518129
2348036727686
2348028855251
2348037898539
2348036211413
2348055427449
2348063485015
2348022087705
2348055263114
2348025671052
2348039291751
2348052121471
2348033801735
2348024466543
2347025107455
2348058045932
2348023603838
2348070847561
2348087315627
2348028299147
2348028489765
2348075120235
2348080224661
2348085793148
2348033238391
2348035902811
2348037195899
2348064557900
2348073827680
2348043330285
2348053130869
2348050401268
2348034654094
2348055120613
2348022230242
2348027612974
2348033511456
2348022683012
2348056506614
2348027251248
2348034008880
2348029574495
2348052156848
2348024593973
2348053518060
2348023856784
2348054116801
2348033135926
2348059319004
2348052431165
2348034416891
2348033048976
2348033885776
2348033257188
2348050437079
2348034028350
2348023944013
2348034995026
2348052990099
2348033061484
2348027858112
2348023531549
2348025372712
2348028129010
2348056131457
2348038990147
2348023764807
2348062915503
2348055006709
2348033940077
2348055162863
2348057770178
2348080502728
2348056965291
2348033260736
2348020955964
2348060319031
2348029751224
2348059470671
2348035849142
2348030475520
2348030625991
2348023807678
2348033052316
2348037194791
2348033092926
2348051829992
2348060466080
2348023596057
2348068792433
2348057220180
2348028084517
2348033014148
2348043200760
2348033032658
2348055067253
2348033484149
2348056609476
2348033982256
2348059181137
2348028151506
2348022945327
2348055222030
2348054009161
2348033140039
2348033300671
2348056320554
2348033830335
2348023076732
2348055260799
2348027629775
2348033598262
2348023261943
2348034030634
2348060396277
2348053386815
2348034096699
2348065627339
2348020766025
2348037156417
2348033424825
2348028405001
2348023678984
2348028801683
2348082085252
2348037121144
2348034146382
2348052277775
2348028853700
2348024667193
2348028864372
2348055445668
2348068855552
2348037732333
2348028418775
2348024394109
2348023013395
2348033514434
2348026644072
2348023642440
2348036856005
2348032282885
2348035830215
2348054700678
2348033106636
2348024006645
2348023350686
2348023413944
2348055409733
2348020766095
2348034063169
2348032133725
2348036003029
2348062895149
2348059261633
2348055213932
2348050501094
2348025840564
2348033043710
2348023125271
2348059997744
2348022994844
2348033160529
2348032371953
2348035526894
2348059080874
2348034066063
2348057210703
2348034369866
2348037626604
2348065790717
2348035429009
2348057688514
2348035390770
2348066310903
2348053510810
2348060417071
2348056987222
2348023002278
2348036047310
2348054510774
2348039713922
2348052955934
2348055340447
2348025289855
2348023360462
2348033531435
2348023906162
2348027778883
2348055810709
2348029074076
2348024460375
2347031511674
2348036101654
2348035761390
2348035487228
2348023324062
2348063194971
2348023124381
2348034669727
2348060646824
2348034725669
2348026669533
2348034050100
2348033328975
2348033317247
2348033907632
2348055719162
2348050802251
2348023984527
2348038235677
2348038556525
2348037128012
2348022831335
2348054983394
2348033940770
2348059727942
2348033226642
2348024411470
2348037272937
2348023661419
2348033743666
2348034542067
2348039601253
2348027104025
2348027697253
2348034413987
2348025160043
2348032921175
2348036450182
2348029318360
2348025381683
2348030648762
2348060794853
2348057714077
2348025973651
2348063029248
2348035875499
2348027161093
2348053360818
2348057200470
2348023057465
2348055169792
2348033107115
2348023001953
2348023395882
2348051940870
2348033173921
2348059455800
2348057742583
2348034530831
2348025322864
2348028372423
2348059268414
2348033064519
2348023171619
2348027012046
2348023127568
2348023064635
2348033433913
2348027140481
2348053868781
2348034749884
2348023139637
2348033416891
2348023990887
2348052046211
2348022740378
2348030677925
2348034046402
2348052132329
2348034756557
2348052268776
2348035537941
2348026142722
2348033066756
2348033137473
2348033250682
2348026786603
2348026715447
2348035071728
2348033488439
2348023706790
2348052359761
2348054666754
2348033082913
2348028161162
2348055126364
2348037156417 
2348077240051
2348034722784
2348030440063
2348038618676
2348058336488
2348023019420
2348055573726
2348038403108
2348025905310
2348029568341
2348023432812
2348053221572
2348023636555
2348035123440
2348056456688
2348022222221
2348029990312
2348033208041
2348023157221
2348034272204
2348034194026
2348028937770
2348054323450
2348052833575
2348023459776
2348027555989
2348029328827
2348027721225
2348033029837
2348059360301
2348055180285
2348052827658
2348050302877
2348080210599
2348063331416
2348033190778
2348059470895
2348025049089
2348057742588
2348058373619
2348060691864
2348020993049
2348065577353
2348032259062
2348023746200
2348022590934
2348084282003
2348056010091
2348038363252
2348024070525
2348023128685
2348022239938
2348023964460
2348026478090
2348023148550
2348028311526
2348053872978
2348020556982
2348022012711
2348052877560
2348033813616
2348038045405
2348038426521
2348023122780
2348023269350
8132348082530
2348055227650
2348057713077
2348033364162
2348027621658
2348063959588
2348032241950
2348033084409
2348023017087
2348033346542
2348032157693
2348037221507
2348023263303
2348023453220
2348055802054
2348033009189
2348027506841
2348034229406
2348054528659 
2348084599502
2348035957289
2348018784830
2348024251930
2348028760979
2348077773466
2348022994845
2348027605635
2348029738882
2348051942936
2348024655296
2348023899079
2348033829297
2348052703367
2348033190778 
2347030787877
2348055800761
2348057485641
234802577244
2348057869488
2348138082530
2348027571612
2348023831978
2348028540240
2348023927187
2348027257538
2348020784910
2348027536636
2348084801891
2348038249543
2348023659560
2348059604816
2348024615261
2348033289047
2348054374174
2348037187488
2348053500122
2348034755022
2348027548949
2348056711913
2348034057585
2348039423712
2348034738328
2348033479808
2348024503086
2348038280841
2348036097213
2348035040940
2348039754027
2348054081345
2348037804670
2348022081829
2348061186870
2348077547630
2348064705159
2348062326890
2348077915769
2348033710722
2348059817946
2348055920262
2348051162724
2348029200503
2348037229741
2348063132699
2347028202722
2348077810953
2348012695652
2348014751750
2348018988213
2348014330311
2348014448459
2348017760740
2348012670880
2348018049359
2348018943001
2348012672607
2348018962429
2348017220230
2348017662584
2348017753103
2348017751345
2348017256230
2348012694576
2348012660734
2348022133732
2348012303018
2348018184147
2348012783000
2348034602316
2348064453841
2348018189248
2348012701700
2348014317130
2348017918766
2347069544674
2348014616849
2347025191930
2348012692935
2348017746349
2348018534239
2348014742391
2348012692975
2348017765304
2348014718874
2348052527175
2348018745410
2348029243233
2348028282495
2348012622645
2348017608225
2348014329100
2348012622645