2348023440916
2348083787791
2348037223760
2348033019088
2348023229527
2348033045053
2348023208281
2348033063571
2348034373516
2348023288478
2348053363575
2348033342989
2348036673534
2348023044905
2348080729596
2348055470391
2348023591754
2348023066886
2348037861902
2348067012238
2348037152484
2348023243065
2348037193756
2348062728990
2348033078610
2348023212004
2348033202983
2348033350983
2348032768942
2348023926571
2348032644823
2348035378367
2348033164620
2347027440489
2348020672027
2348033202380
2348033267180
2348023418209
2348055145277
2348023383531
2348023383531
2348023392652
2348034888326
2348037122912
2348033077440
2348023004747
2348033431042
2348055346661
2348023868072
2348033016507
2348033287975
2348033336285
2348023565022
2348033065479
2348037187866
2348023039633
2348055227414
2348033082700
2348023590754
2348023137091
2348055800775
2348066782236
2348033871629
2348023075627
2348023428968
2348034233656
2348023181879
2348033159070
2348051390772
2348023744409
2348033733382
2348023551796
2348028943605
2348023175540
2348033064177
2348034249520
2348023175884
2348033343887
2348023380761
2348037177372
2348023004868
2348037199014
2348034307665
2348033837241
2348060808505
2348027281099
2348028851997
2348033276176
2348055464930
2348054049384
2348033014247
2348061544822
2348023218587
2348037222577
2348023413541
2348055678907
2348055221271
2348033576119
2348034460628
2348033023351
2348089160880
2348028272615
2348035237320
2348023096350
2348055595072
2348033041141
2348060041726
2348043327906
2348034084576
2348077083177
2348023392183
2348038173606
2348034752656
2348023451931
2348033317276
2348023136660
2348024249907
2348023590754
2348030675506
2348023274719
2348032219742
2348023187367
2348023199168
2348033959625
2348062705732
2348035869780
2348035830403
2348024304888
2348033527823
2348033134983
2348035242024
2348066375955
2348038169830
2348033152443
2348065574881
2348020564687
2348028608621
2348023418269
2348023063031
2348022295217
2348055248731
2348028608621
2348035685518
2348037157291
2348023063031
2348055133402
2348036092987
2348034714240
2348034544269
2348052284451
2348037269150
2348023528220
2348023257018
2348034451297
2348035802841
2348023512219
2348067826818
2348035869780
2348028306093
2348033265437
2348033591822
2348028632620
2348051548343
2348033722323
2348032796670
2348068906249
2348023824908
2348020562531
2348023396162
2348050248656
2348028270273
2348053031700
2348023149480
2348028851989
2348024947384
2347031584158
2348033241168
2348024304888
2348033090772
2348033617359
2348035689215
2348023102460
2348023631170
2348034255561
2348023388278
2348034712799
2348023824918
2348055801440
2348052300385
2348033241556
2348035788224
2348023145524
2348023913022
2348035813457
2348030754316
2348077466706
2348060431212
2348025862210
2348027217786
2348021902429
2348025612387
2348028598117
2348037064524
2348038458953
2348023601448
2348023904626
2348023173857
2348034035568
2348052090442
2348037263435
2348088841242
2348036019097
2348028356618
2348058124574
2348068840411
2348023014801
2348033217763
2348034256590
2348023038451
2348023974395
2348035350972
2348024688191
2348035016557
2348033125245
2348067209411
2348023416701
2348023877500
2348032030848
2348022689353
2348055662182
2348033515697
2348025357077
2348023305219
2348033267512
2348033160648
2348023199395
2348035777586
2347028751999
2348039115528
2348038169830
2348038100874
2348034071174
2348062362691
2348022295217
2348023702092
2348039380487
2348033413021
2348033311383
2347029504313
2348028477909
2348033022381
2348038295653
2348025356741
