2348024742605
2348034858577
2348028306150
2348023162004
2348034491140
2348033038685
2347061842220
2348037221253
2348036500012
2348034927702
2348056673169
2348025412222
2348033554969
2348055313407
2348030791797
2348032093154
2347084490271
2348026547203
2348052215161
2348023551815
2348061666481
2348027923997
2348061553339
2348072626830
2348023536913
2347029896221
2348033242786
2348038165156
2348023764243
2347082228355
2347031070778
2348023719856
2348024100477
2348022377268
2348030768331
2348035687779
2348027214261
2348062313029
2348033943809
2348039277129
2348035622362
2348035657224
2348082188058
2348064356821
2348023184445
2348039407359
2347034170603
2348037125936
2348067127177
2348027801234
2348055224276
2348033962581
2348023455777
2348034275129
2348024166029
2348063600989
2348099425742
2348023930762
2348023583621
2348055420515
2348080567968
2348058441704
2348055828988
2348032215983
2348052057285
2347084440626
2348036925341
2348028120794
2347084305658
2348056746410
2348029209465
2348060284408
2348034977820
2348080246082
2348022377268
2348035075187
2348052239196
2348034185398
2348054175734
2348068053001
2348052215161
2348025899560
2348066517334
2348060096369
2348056672869
2348027627931
2348022122242
2347062594265
2348033674806
2348069834717
2348062703663
2348023687391
2348033454359
2347056131517
2348020336755
2348037123395
2348036833881
2348034157135